-215.0,-118.0
-214.0,-118.0
-211.0,-115.0
-208.0,-112.0
-205.0,-107.0
-201.0,-102.0
-197.0,-92.0
-191.0,-81.0
-184.0,-69.0
-177.0,-54.0
-166.0,-38.0
-156.0,-19.0
-146.0,-3.0
-136.0,16.0
-127.0,32.0
-118.0,46.0
-110.0,60.0
-105.0,71.0
-99.0,81.0
-94.0,92.0
-89.0,100.0
-86.0,111.0
-83.0,118.0
-79.0,126.0
-76.0,134.0
-72.0,142.0
-71.0,147.0
-69.0,155.0
-69.0,163.0
-69.0,171.0
-69.0,178.0
-69.0,186.0
-69.0,190.0
-69.0,195.0
-70.0,198.0
-71.0,200.0
-73.0,203.0
-74.0,204.0
-76.0,205.0
-77.0,206.0
-79.0,206.0
-79.0,207.0
-80.0,207.0
-83.0,207.0
-86.0,207.0
-87.0,207.0
-91.0,207.0
-93.0,206.0
-96.0,205.0
-100.0,202.0
-104.0,199.0
-106.0,197.0
-112.0,192.0
-115.0,188.0
-119.0,183.0
-124.0,176.0
-128.0,170.0
-133.0,162.0
-136.0,156.0
-140.0,149.0
-145.0,140.0
-150.0,130.0
-154.0,124.0
-156.0,116.0
-159.0,110.0
-160.0,103.0
-164.0,96.0
-165.0,89.0
-166.0,84.0
-167.0,77.0
-167.0,71.0
-169.0,65.0
-170.0,59.0
-171.0,52.0
-171.0,46.0
-172.0,42.0
-172.0,36.0
-172.0,32.0
-174.0,26.0
-174.0,22.0
-174.0,18.0
-174.0,11.0
-174.0,5.0
-174.0,0.0
-174.0,-8.0
-174.0,-14.0
-174.0,-21.0
-174.0,-28.0
-174.0,-33.0
-174.0,-39.0
-174.0,-47.0
-174.0,-53.0
-174.0,-58.0
-174.0,-64.0
-174.0,-68.0
-174.0,-71.0
-174.0,-74.0
-174.0,-76.0
-174.0,-79.0
-173.0,-81.0
-173.0,-83.0
-172.0,-83.0
-171.0,-85.0
-170.0,-85.0
-169.0,-85.0
-168.0,-85.0
-167.0,-85.0
-166.0,-84.0
-164.0,-83.0
-160.0,-79.0
-158.0,-76.0
-156.0,-72.0
-153.0,-68.0
-149.0,-63.0
-146.0,-58.0
-144.0,-53.0
-140.0,-47.0
-139.0,-44.0
-137.0,-38.0
-137.0,-36.0
-137.0,-33.0
-136.0,-28.0
-135.0,-25.0
-132.0,-22.0
-132.0,-19.0
-131.0,-16.0
-130.0,-13.0
-128.0,-11.0
-128.0,-8.0
-127.0,-5.0
-125.0,-3.0
-125.0,0.0
-123.0,2.0
-123.0,4.0
-122.0,5.0
-121.0,6.0
-119.0,9.0
-118.0,9.0
-117.0,9.0
-116.0,9.0
-115.0,7.0
-114.0,4.0
-113.0,-1.0
-112.0,-7.0
-112.0,-14.0
-110.0,-21.0
-110.0,-26.0
-109.0,-33.0
-108.0,-40.0
-107.0,-46.0
-105.0,-53.0
-105.0,-55.0
-104.0,-59.0
-104.0,-63.0
-104.0,-65.0
-103.0,-67.0
-101.0,-71.0
-100.0,-72.0
-99.0,-73.0
-98.0,-74.0
-97.0,-75.0
-95.0,-75.0
-92.0,-75.0
-89.0,-75.0
-83.0,-75.0
-79.0,-75.0
-72.0,-75.0
-66.0,-73.0
-58.0,-70.0
-51.0,-67.0
-44.0,-63.0
-39.0,-60.0
-32.0,-56.0
-27.0,-52.0
-22.0,-47.0
-17.0,-44.0
-15.0,-39.0
-14.0,-37.0
-12.0,-31.0
-12.0,-28.0
-12.0,-25.0
-12.0,-22.0
-12.0,-21.0
-12.0,-19.0
-12.0,-17.0
-13.0,-15.0
-15.0,-14.0
-16.0,-13.0
-18.0,-13.0
-20.0,-13.0
-23.0,-13.0
-26.0,-13.0
-30.0,-17.0
-35.0,-22.0
-40.0,-28.0
-43.0,-33.0
-45.0,-41.0
-47.0,-46.0
-47.0,-51.0
-47.0,-56.0
-47.0,-60.0
-47.0,-63.0
-46.0,-66.0
-45.0,-68.0
-44.0,-70.0
-42.0,-71.0
-39.0,-72.0
-36.0,-72.0
-33.0,-72.0
-30.0,-72.0
-26.0,-72.0
-20.0,-69.0
-13.0,-67.0
-5.0,-62.0
1.0,-56.0
10.0,-49.0
18.0,-39.0
26.0,-28.0
33.0,-17.0
39.0,-7.0
43.0,7.0
47.0,21.0
52.0,37.0
55.0,47.0
57.0,60.0
58.0,72.0
60.0,82.0
63.0,90.0
64.0,98.0
66.0,106.0
67.0,113.0
67.0,117.0
67.0,119.0
67.0,122.0
67.0,124.0
67.0,125.0
67.0,126.0
66.0,126.0
64.0,126.0
62.0,126.0
59.0,125.0
54.0,121.0
51.0,118.0
45.0,112.0
40.0,104.0
36.0,98.0
32.0,90.0
27.0,78.0
21.0,66.0
16.0,54.0
12.0,43.0
10.0,31.0
9.0,20.0
7.0,7.0
6.0,-2.0
6.0,-13.0
6.0,-23.0
6.0,-34.0
6.0,-43.0
6.0,-50.0
6.0,-60.0
6.0,-65.0
6.0,-69.0
8.0,-74.0
10.0,-78.0
13.0,-81.0
15.0,-83.0
17.0,-84.0
20.0,-85.0
26.0,-85.0
30.0,-85.0
37.0,-85.0
44.0,-85.0
52.0,-83.0
61.0,-77.0
70.0,-71.0
79.0,-61.0
87.0,-50.0
93.0,-42.0
98.0,-34.0
104.0,-23.0
108.0,-15.0
111.0,-5.0
113.0,4.0
116.0,14.0
120.0,27.0
124.0,38.0
127.0,49.0
128.0,60.0
129.0,67.0
130.0,73.0
131.0,79.0
131.0,82.0
131.0,83.0
129.0,83.0
126.0,83.0
123.0,83.0
118.0,82.0
114.0,80.0
109.0,76.0
103.0,72.0
98.0,67.0
94.0,62.0
89.0,54.0
83.0,46.0
78.0,35.0
74.0,27.0
69.0,19.0
67.0,12.0
65.0,4.0
64.0,-3.0
61.0,-12.0
61.0,-19.0
61.0,-27.0
61.0,-34.0
61.0,-42.0
61.0,-48.0
61.0,-56.0
61.0,-64.0
62.0,-73.0
62.0,-78.0
64.0,-83.0
67.0,-89.0
68.0,-92.0
70.0,-97.0
73.0,-102.0
76.0,-106.0
79.0,-111.0
81.0,-113.0
84.0,-115.0
87.0,-117.0
92.0,-118.0
95.0,-119.0
98.0,-119.0
105.0,-119.0
110.0,-119.0
117.0,-118.0
120.0,-115.0
126.0,-111.0
133.0,-106.0
139.0,-99.0
145.0,-93.0
152.0,-85.0
159.0,-76.0
164.0,-69.0
170.0,-61.0
175.0,-56.0
180.0,-52.0
184.0,-49.0
190.0,-45.0
194.0,-44.0
196.0,-42.0
198.0,-41.0
201.0,-41.0
207.0,-41.0
214.0,-41.0
219.0,-41.0
226.0,-41.0
231.0,-44.0
237.0,-49.0
242.0,-51.0
246.0,-54.0
248.0,-58.0
250.0,-62.0
252.0,-67.0
253.0,-70.0
253.0,-73.0
253.0,-76.0
253.0,-78.0
253.0,-80.0
252.0,-82.0
249.0,-87.0
248.0,-89.0
246.0,-91.0
243.0,-94.0
240.0,-97.0
237.0,-100.0
235.0,-101.0
233.0,-103.0
228.0,-104.0
225.0,-104.0
220.0,-105.0
215.0,-105.0
208.0,-105.0
203.0,-105.0
199.0,-105.0
195.0,-102.0
193.0,-101.0
191.0,-99.0
189.0,-97.0
188.0,-96.0
186.0,-94.0
185.0,-92.0
183.0,-90.0
183.0,-89.0
181.0,-84.0
179.0,-82.0
178.0,-80.0
177.0,-77.0
175.0,-75.0
174.0,-75.0
174.0,-73.0
172.0,-73.0
172.0,-72.0
171.0,-71.0
170.0,-71.0
169.0,-71.0
169.0,-70.0
168.0,-70.0
167.0,-69.0
166.0,-69.0
166.0,-68.0
165.0,-68.0
164.0,-68.0
163.0,-68.0
163.0,-67.0
162.0,-67.0
161.0,-66.0
160.0,-65.0
159.0,-65.0
159.0,-67.0
159.0,-69.0
159.0,-71.0
156.0,-76.0
154.0,-82.0
152.0,-89.0
149.0,-96.0
145.0,-102.0
141.0,-109.0
137.0,-113.0
132.0,-119.0
125.0,-123.0
117.0,-126.0
104.0,-130.0
89.0,-132.0
66.0,-134.0
38.0,-134.0
10.0,-134.0
-12.0,-134.0
-32.0,-134.0
-47.0,-134.0
-59.0,-134.0
-74.0,-132.0
-87.0,-128.0
-98.0,-124.0
-109.0,-121.0
-121.0,-114.0
-131.0,-109.0
-141.0,-104.0
-148.0,-99.0
-155.0,-94.0
-158.0,-90.0
-161.0,-87.0
-164.0,-83.0
-164.0,-81.0
-165.0,-79.0
-165.0,-78.0
-165.0,-76.0
-165.0,-74.0
-165.0,-73.0
-165.0,-72.0
-165.0,-70.0
-165.0,-69.0
-165.0,-66.0
-165.0,-65.0
-164.0,-62.0
-163.0,-62.0
-162.0,-58.0
-162.0,-57.0
-160.0,-54.0
-159.0,-53.0
-159.0,-52.0
-158.0,-52.0
